Id,lon,lat,pic_name
1,120.153023383383,30.193262200626,1.jpg
1,120.153023383383,30.193262200626,1.jpg
1,120.153023383383,30.193262200626,1.jpg
1,120.153023383383,30.193262200626,1.jpg
2,120.152899015813,30.1930490331776,2.jpg
2,120.152899015813,30.1930490331776,2.jpg
2,120.152899015813,30.1930490331776,2.jpg
2,120.152899015813,30.1930490331776,2.jpg
3,120.154706381534,30.1922452958046,3.jpg
3,120.154706381534,30.1922452958046,3.jpg
3,120.154706381534,30.1922452958046,3.jpg
3,120.154706381534,30.1922452958046,3.jpg
4,120.154683072821,30.1922011779222,4.jpg
4,120.154683072821,30.1922011779222,4.jpg
4,120.154683072821,30.1922011779222,4.jpg
4,120.154683072821,30.1922011779222,4.jpg
5,120.154548823827,30.1919464538306,5.jpg
5,120.154548823827,30.1919464538306,5.jpg
5,120.154548823827,30.1919464538306,5.jpg
5,120.154548823827,30.1919464538306,5.jpg
6,120.150483232574,30.1942153607146,6.jpg
6,120.150483232574,30.1942153607146,6.jpg
6,120.150483232574,30.1942153607146,6.jpg
6,120.150483232574,30.1942153607146,6.jpg
7,120.150520521898,30.1941950432148,7.jpg
7,120.150520521898,30.1941950432148,7.jpg
7,120.150520521898,30.1941950432148,7.jpg
7,120.150520521898,30.1941950432148,7.jpg
8,120.150533304433,30.1941264098232,8.jpg
8,120.150533304433,30.1941264098232,8.jpg
8,120.150533304433,30.1941264098232,8.jpg
8,120.150533304433,30.1941264098232,8.jpg
9,120.150554635361,30.1940202185789,9.jpg
9,120.150554635361,30.1940202185789,9.jpg
9,120.150554635361,30.1940202185789,9.jpg
9,120.150554635361,30.1940202185789,9.jpg
10,120.14794514319,30.1950056260005,10.jpg
10,120.14794514319,30.1950056260005,10.jpg
10,120.14794514319,30.1950056260005,10.jpg
10,120.14794514319,30.1950056260005,10.jpg
11,120.148291801177,30.1948403657486,11.jpg
11,120.148291801177,30.1948403657486,11.jpg
11,120.148291801177,30.1948403657486,11.jpg
11,120.148291801177,30.1948403657486,11.jpg
12,120.148623117576,30.194823110492,12.jpg
12,120.148623117576,30.194823110492,12.jpg
12,120.148623117576,30.194823110492,12.jpg
12,120.148623117576,30.194823110492,12.jpg
13,120.148801270324,30.1947918862014,13.jpg
13,120.148801270324,30.1947918862014,13.jpg
13,120.148801270324,30.1947918862014,13.jpg
13,120.148801270324,30.1947918862014,13.jpg
14,120.148954426886,30.1947028305379,14.jpg
14,120.148954426886,30.1947028305379,14.jpg
14,120.148954426886,30.1947028305379,14.jpg
14,120.148954426886,30.1947028305379,14.jpg
15,120.149109243805,30.1945470477653,15.jpg
15,120.149109243805,30.1945470477653,15.jpg
15,120.149109243805,30.1945470477653,15.jpg
15,120.149109243805,30.1945470477653,15.jpg
16,120.149206622826,30.1945500092999,16.jpg
16,120.149206622826,30.1945500092999,16.jpg
16,120.149206622826,30.1945500092999,16.jpg
16,120.149206622826,30.1945500092999,16.jpg
17,120.149262515189,30.1944446741386,17.jpg
17,120.149262515189,30.1944446741386,17.jpg
17,120.149262515189,30.1944446741386,17.jpg
17,120.149262515189,30.1944446741386,17.jpg
18,120.149477734695,30.1946659498683,18.jpg
18,120.149477734695,30.1946659498683,18.jpg
18,120.149477734695,30.1946659498683,18.jpg
18,120.149477734695,30.1946659498683,18.jpg
19,120.149678921908,30.1947778981525,19.jpg
19,120.149678921908,30.1947778981525,19.jpg
19,120.149678921908,30.1947778981525,19.jpg
19,120.149678921908,30.1947778981525,19.jpg
20,120.149801062469,30.1948883440752,20.jpg
20,120.149801062469,30.1948883440752,20.jpg
20,120.149801062469,30.1948883440752,20.jpg
20,120.149801062469,30.1948883440752,20.jpg
21,120.152899015813,30.1930490331776,21.jpg
21,120.152899015813,30.1930490331776,21.jpg
21,120.152899015813,30.1930490331776,21.jpg
21,120.152899015813,30.1930490331776,21.jpg
22,120.152732269578,30.1929449853218,22.jpg
22,120.152732269578,30.1929449853218,22.jpg
22,120.152732269578,30.1929449853218,22.jpg
22,120.152732269578,30.1929449853218,22.jpg
23,120.161582232536,30.1775706384049,23.jpg
23,120.161582232536,30.1775706384049,23.jpg
23,120.161582232536,30.1775706384049,23.jpg
23,120.161582232536,30.1775706384049,23.jpg
24,120.16154335786,30.177698582773,24.jpg
24,120.16154335786,30.177698582773,24.jpg
24,120.16154335786,30.177698582773,24.jpg
24,120.16154335786,30.177698582773,24.jpg
25,120.161514823858,30.1777990279169,25.jpg
25,120.161514823858,30.1777990279169,25.jpg
25,120.161514823858,30.1777990279169,25.jpg
25,120.161514823858,30.1777990279169,25.jpg
26,120.154013152429,30.1731408249116,26.jpg
26,120.154013152429,30.1731408249116,26.jpg
26,120.154013152429,30.1731408249116,26.jpg
26,120.154013152429,30.1731408249116,26.jpg
27,120.15381231376,30.1730424925627,27.jpg
27,120.15381231376,30.1730424925627,27.jpg
27,120.15381231376,30.1730424925627,27.jpg
27,120.15381231376,30.1730424925627,27.jpg
28,120.150274790117,30.1812559169687,28.jpg
28,120.150274790117,30.1812559169687,28.jpg
28,120.150274790117,30.1812559169687,28.jpg
28,120.150274790117,30.1812559169687,28.jpg
29,120.150542838467,30.1813326211885,29.jpg
29,120.150542838467,30.1813326211885,29.jpg
29,120.150542838467,30.1813326211885,29.jpg
29,120.150542838467,30.1813326211885,29.jpg
30,120.141249616882,30.1823324377848,30.jpg
30,120.141249616882,30.1823324377848,30.jpg
30,120.141249616882,30.1823324377848,30.jpg
30,120.141249616882,30.1823324377848,30.jpg
31,120.141251643301,30.1824154899992,31.jpg
31,120.141251643301,30.1824154899992,31.jpg
31,120.141251643301,30.1824154899992,31.jpg
31,120.141251643301,30.1824154899992,31.jpg
32,120.21749851533,30.1784582245563,32.jpg
32,120.21749851533,30.1784582245563,32.jpg
32,120.21749851533,30.1784582245563,32.jpg
32,120.21749851533,30.1784582245563,32.jpg
33,120.217242610086,30.1785181348539,33.jpg
33,120.217242610086,30.1785181348539,33.jpg
33,120.217242610086,30.1785181348539,33.jpg
33,120.217242610086,30.1785181348539,33.jpg
34,120.216974731477,30.1785345425024,34.jpg
34,120.216974731477,30.1785345425024,34.jpg
34,120.216974731477,30.1785345425024,34.jpg
34,120.216974731477,30.1785345425024,34.jpg
35,120.243053528644,30.1892049387731,35.jpg
35,120.243053528644,30.1892049387731,35.jpg
35,120.243053528644,30.1892049387731,35.jpg
35,120.243053528644,30.1892049387731,35.jpg
36,120.243027695776,30.1889827157865,36.jpg
36,120.243027695776,30.1889827157865,36.jpg
36,120.243027695776,30.1889827157865,36.jpg
36,120.243027695776,30.1889827157865,36.jpg
37,120.243052452707,30.1888589074798,37.jpg
37,120.243052452707,30.1888589074798,37.jpg
37,120.243052452707,30.1888589074798,37.jpg
37,120.243052452707,30.1888589074798,37.jpg
38,120.24319457738,30.1886919102141,38.jpg
38,120.24319457738,30.1886919102141,38.jpg
38,120.24319457738,30.1886919102141,38.jpg
38,120.24319457738,30.1886919102141,38.jpg
39,120.192407925344,30.2004633106295,39.jpg
39,120.192407925344,30.2004633106295,39.jpg
39,120.192407925344,30.2004633106295,39.jpg
39,120.192407925344,30.2004633106295,39.jpg
40,120.192233115315,30.2001140028215,40.jpg
40,120.192233115315,30.2001140028215,40.jpg
40,120.192233115315,30.2001140028215,40.jpg
40,120.192233115315,30.2001140028215,40.jpg
41,120.19209721776,30.1997904584747,41.jpg
41,120.19209721776,30.1997904584747,41.jpg
41,120.19209721776,30.1997904584747,41.jpg
41,120.19209721776,30.1997904584747,41.jpg
42,120.192008875427,30.1995263871602,42.jpg
42,120.192008875427,30.1995263871602,42.jpg
42,120.192008875427,30.1995263871602,42.jpg
42,120.192008875427,30.1995263871602,42.jpg
43,120.191911933893,30.1993157875873,43.jpg
43,120.191911933893,30.1993157875873,43.jpg
43,120.191911933893,30.1993157875873,43.jpg
43,120.191911933893,30.1993157875873,43.jpg
44,120.194811457926,30.1996651283404,44.jpg
44,120.194811457926,30.1996651283404,44.jpg
44,120.194811457926,30.1996651283404,44.jpg
44,120.194811457926,30.1996651283404,44.jpg
45,120.194834649167,30.1998062501799,45.jpg
45,120.194834649167,30.1998062501799,45.jpg
45,120.194834649167,30.1998062501799,45.jpg
45,120.194834649167,30.1998062501799,45.jpg
46,120.194840429616,30.1999431669787,46.jpg
46,120.194840429616,30.1999431669787,46.jpg
46,120.194840429616,30.1999431669787,46.jpg
46,120.194840429616,30.1999431669787,46.jpg
47,120.194770923639,30.2001678155761,47.jpg
47,120.194770923639,30.2001678155761,47.jpg
47,120.194770923639,30.2001678155761,47.jpg
47,120.194770923639,30.2001678155761,47.jpg
48,120.194657570276,30.2003349156461,48.jpg
48,120.194657570276,30.2003349156461,48.jpg
48,120.194657570276,30.2003349156461,48.jpg
48,120.194657570276,30.2003349156461,48.jpg
49,120.194490378907,30.200498615835,49.jpg
49,120.194490378907,30.200498615835,49.jpg
49,120.194490378907,30.200498615835,49.jpg
49,120.194490378907,30.200498615835,49.jpg
50,120.194271420979,30.2006788499919,50.jpg
50,120.194271420979,30.2006788499919,50.jpg
50,120.194271420979,30.2006788499919,50.jpg
50,120.194271420979,30.2006788499919,50.jpg
51,120.194056034293,30.2008631473473,51.jpg
51,120.194056034293,30.2008631473473,51.jpg
51,120.194056034293,30.2008631473473,51.jpg
51,120.194056034293,30.2008631473473,51.jpg
52,120.193769305589,30.2011583074276,52.jpg
52,120.193769305589,30.2011583074276,52.jpg
52,120.193769305589,30.2011583074276,52.jpg
52,120.193769305589,30.2011583074276,52.jpg
53,120.193545779328,30.2014364548328,53.jpg
53,120.193545779328,30.2014364548328,53.jpg
53,120.193545779328,30.2014364548328,53.jpg
53,120.193545779328,30.2014364548328,53.jpg
54,120.194896511032,30.2007804015344,54.jpg
54,120.194896511032,30.2007804015344,54.jpg
54,120.194896511032,30.2007804015344,54.jpg
54,120.194896511032,30.2007804015344,54.jpg
55,120.194679355988,30.2008163834164,55.jpg
55,120.194679355988,30.2008163834164,55.jpg
55,120.194679355988,30.2008163834164,55.jpg
55,120.194679355988,30.2008163834164,55.jpg
56,120.194436994546,30.2008815601231,56.jpg
56,120.194436994546,30.2008815601231,56.jpg
56,120.194436994546,30.2008815601231,56.jpg
56,120.194436994546,30.2008815601231,56.jpg
57,120.1942200839,30.2009702283363,57.jpg
57,120.1942200839,30.2009702283363,57.jpg
57,120.1942200839,30.2009702283363,57.jpg
57,120.1942200839,30.2009702283363,57.jpg
58,120.194026343105,30.2010752617245,58.jpg
58,120.194026343105,30.2010752617245,58.jpg
58,120.194026343105,30.2010752617245,58.jpg
58,120.194026343105,30.2010752617245,58.jpg
59,120.193880076472,30.2011709775726,59.jpg
59,120.193880076472,30.2011709775726,59.jpg
59,120.193880076472,30.2011709775726,59.jpg
59,120.193880076472,30.2011709775726,59.jpg
60,120.193750126415,30.2012708958389,60.jpg
60,120.193750126415,30.2012708958389,60.jpg
60,120.193750126415,30.2012708958389,60.jpg
60,120.193750126415,30.2012708958389,60.jpg
61,120.193545779328,30.2014364548328,61.jpg
61,120.193545779328,30.2014364548328,61.jpg
61,120.193545779328,30.2014364548328,61.jpg
61,120.193545779328,30.2014364548328,61.jpg
62,120.194396445024,30.2001725198344,62.jpg
62,120.194396445024,30.2001725198344,62.jpg
62,120.194396445024,30.2001725198344,62.jpg
62,120.194396445024,30.2001725198344,62.jpg
63,120.194326462254,30.2000511399968,63.jpg
63,120.194326462254,30.2000511399968,63.jpg
63,120.194326462254,30.2000511399968,63.jpg
63,120.194326462254,30.2000511399968,63.jpg
64,120.194467908796,30.2000057509515,64.jpg
64,120.194467908796,30.2000057509515,64.jpg
64,120.194467908796,30.2000057509515,64.jpg
64,120.194467908796,30.2000057509515,64.jpg
65,120.193730541848,30.199826682303,65.jpg
65,120.193730541848,30.199826682303,65.jpg
65,120.193730541848,30.199826682303,65.jpg
65,120.193730541848,30.199826682303,65.jpg
66,120.193327686558,30.1997136301171,66.jpg
66,120.193327686558,30.1997136301171,66.jpg
66,120.193327686558,30.1997136301171,66.jpg
66,120.193327686558,30.1997136301171,66.jpg
67,120.193134507688,30.1996574483641,67.jpg
67,120.193134507688,30.1996574483641,67.jpg
67,120.193134507688,30.1996574483641,67.jpg
67,120.193134507688,30.1996574483641,67.jpg
68,120.192855469399,30.1996567258197,68.jpg
68,120.192855469399,30.1996567258197,68.jpg
68,120.192855469399,30.1996567258197,68.jpg
68,120.192855469399,30.1996567258197,68.jpg
69,120.192730695808,30.1997041964136,69.jpg
69,120.192730695808,30.1997041964136,69.jpg
69,120.192730695808,30.1997041964136,69.jpg
69,120.192730695808,30.1997041964136,69.jpg
70,120.192556208487,30.1997970772587,70.jpg
70,120.192556208487,30.1997970772587,70.jpg
70,120.192556208487,30.1997970772587,70.jpg
70,120.192556208487,30.1997970772587,70.jpg
71,120.192459559534,30.1999100830333,71.jpg
71,120.192459559534,30.1999100830333,71.jpg
71,120.192459559534,30.1999100830333,71.jpg
71,120.192459559534,30.1999100830333,71.jpg
72,120.192426801839,30.2000641358493,72.jpg
72,120.192426801839,30.2000641358493,72.jpg
72,120.192426801839,30.2000641358493,72.jpg
72,120.192426801839,30.2000641358493,72.jpg
73,120.19242759702,30.2002190182164,73.jpg
73,120.19242759702,30.2002190182164,73.jpg
73,120.19242759702,30.2002190182164,73.jpg
73,120.19242759702,30.2002190182164,73.jpg
74,120.192475612104,30.2003326888205,74.jpg
74,120.192475612104,30.2003326888205,74.jpg
74,120.192475612104,30.2003326888205,74.jpg
74,120.192475612104,30.2003326888205,74.jpg
75,120.192558276883,30.2004419992409,75.jpg
75,120.192558276883,30.2004419992409,75.jpg
75,120.192558276883,30.2004419992409,75.jpg
75,120.192558276883,30.2004419992409,75.jpg
76,120.192707747707,30.2005445896254,76.jpg
76,120.192707747707,30.2005445896254,76.jpg
76,120.192707747707,30.2005445896254,76.jpg
76,120.192707747707,30.2005445896254,76.jpg
77,120.192865318751,30.200582344164,77.jpg
77,120.192865318751,30.200582344164,77.jpg
77,120.192865318751,30.200582344164,77.jpg
77,120.192865318751,30.200582344164,77.jpg
78,120.193041228512,30.2005772087704,78.jpg
78,120.193041228512,30.2005772087704,78.jpg
78,120.193041228512,30.2005772087704,78.jpg
78,120.193041228512,30.2005772087704,78.jpg
79,120.193258488431,30.2004997026299,79.jpg
79,120.193258488431,30.2004997026299,79.jpg
79,120.193258488431,30.2004997026299,79.jpg
79,120.193258488431,30.2004997026299,79.jpg
80,120.193401739735,30.2003295978007,80.jpg
80,120.193401739735,30.2003295978007,80.jpg
80,120.193401739735,30.2003295978007,80.jpg
80,120.193401739735,30.2003295978007,80.jpg
81,120.136975004533,30.1824878728591,81.jpg
81,120.136975004533,30.1824878728591,81.jpg
81,120.136975004533,30.1824878728591,81.jpg
81,120.136975004533,30.1824878728591,81.jpg
82,120.137110645029,30.1823909002733,82.jpg
82,120.137110645029,30.1823909002733,82.jpg
82,120.137110645029,30.1823909002733,82.jpg
82,120.137110645029,30.1823909002733,82.jpg
83,120.153023383383,30.193262200626,83.jpg
83,120.153023383383,30.193262200626,83.jpg
83,120.153023383383,30.193262200626,83.jpg
83,120.153023383383,30.193262200626,83.jpg
84,120.153085124896,30.1933592441552,84.jpg
84,120.153085124896,30.1933592441552,84.jpg
84,120.153085124896,30.1933592441552,84.jpg
84,120.153085124896,30.1933592441552,84.jpg
85,120.239105952846,30.1892547308061,85.jpg
85,120.239105952846,30.1892547308061,85.jpg
85,120.239105952846,30.1892547308061,85.jpg
85,120.239105952846,30.1892547308061,85.jpg
86,120.239340373954,30.1892295827725,86.jpg
86,120.239340373954,30.1892295827725,86.jpg
86,120.239340373954,30.1892295827725,86.jpg
86,120.239340373954,30.1892295827725,86.jpg
87,120.239507451075,30.1891867927854,87.jpg
87,120.239507451075,30.1891867927854,87.jpg
87,120.239507451075,30.1891867927854,87.jpg
87,120.239507451075,30.1891867927854,87.jpg
88,120.239622853527,30.1890935887927,88.jpg
88,120.239622853527,30.1890935887927,88.jpg
88,120.239622853527,30.1890935887927,88.jpg
88,120.239622853527,30.1890935887927,88.jpg
89,120.239725922307,30.1889766072289,89.jpg
89,120.239725922307,30.1889766072289,89.jpg
89,120.239725922307,30.1889766072289,89.jpg
89,120.239725922307,30.1889766072289,89.jpg
90,120.239778693606,30.1888216396008,90.jpg
90,120.239778693606,30.1888216396008,90.jpg
90,120.239778693606,30.1888216396008,90.jpg
90,120.239778693606,30.1888216396008,90.jpg
91,120.239386507243,30.1899978066374,91.jpg
91,120.239386507243,30.1899978066374,91.jpg
91,120.239386507243,30.1899978066374,91.jpg
91,120.239386507243,30.1899978066374,91.jpg
92,120.239440929535,30.1898831563098,92.jpg
92,120.239440929535,30.1898831563098,92.jpg
92,120.239440929535,30.1898831563098,92.jpg
92,120.239440929535,30.1898831563098,92.jpg
93,120.239457033455,30.1898202651155,93.jpg
93,120.239457033455,30.1898202651155,93.jpg
93,120.239457033455,30.1898202651155,93.jpg
93,120.239457033455,30.1898202651155,93.jpg
94,120.23945810556,30.1897382880293,94.jpg
94,120.23945810556,30.1897382880293,94.jpg
94,120.23945810556,30.1897382880293,94.jpg
94,120.23945810556,30.1897382880293,94.jpg
95,120.23943595406,30.1896581719014,95.jpg
95,120.23943595406,30.1896581719014,95.jpg
95,120.23943595406,30.1896581719014,95.jpg
95,120.23943595406,30.1896581719014,95.jpg
96,120.239352219853,30.1895682860163,96.jpg
96,120.239352219853,30.1895682860163,96.jpg
96,120.239352219853,30.1895682860163,96.jpg
96,120.239352219853,30.1895682860163,96.jpg
97,120.239097539336,30.1894084468581,97.jpg
97,120.239097539336,30.1894084468581,97.jpg
97,120.239097539336,30.1894084468581,97.jpg
97,120.239097539336,30.1894084468581,97.jpg
98,120.241366308856,30.2174156762075,98.jpg
98,120.241366308856,30.2174156762075,98.jpg
98,120.241366308856,30.2174156762075,98.jpg
98,120.241366308856,30.2174156762075,98.jpg
99,120.241429052835,30.2175650495051,99.jpg
99,120.241429052835,30.2175650495051,99.jpg
99,120.241429052835,30.2175650495051,99.jpg
99,120.241429052835,30.2175650495051,99.jpg
100,120.2415613948,30.217644497001,100.jpg
100,120.2415613948,30.217644497001,100.jpg
100,120.2415613948,30.217644497001,100.jpg
100,120.2415613948,30.217644497001,100.jpg

